0	0
1	0
2	0
3	0
4	0
5	0
6	4.6
7	9.2
8	13.8
9	18.4
10	23
11	33.2
12	43.4
13	53.6
14	63.8
15	74
16	86.2
17	98.4
18	110.6
19	122.8
20	135
21	135.2
22	135.4
23	135.6
24	135.8
25	136
26	135.6
27	135.2
28	134.8
29	134.4
30	134
31	133.8
32	133.6
33	133.4
34	133.2
35	133
36	132.8
37	132.6
38	132.4
39	132.2
40	132
41	134.2
42	136.4
43	138.6
44	140.8
45	143
46	260.6
47	378.2
48	495.8
49	613.4
50	731
51	775.2
52	819.4
53	863.6
54	907.8
55	952
56	938.6
57	925.2
58	911.8
59	898.4
60	885
61	880.4
62	875.8
63	871.2
64	866.6
65	862
66	865.4
67	868.8
68	872.2
69	875.6
70	879
71	878.2
72	877.4
73	876.6
74	875.8
75	875
76	875.8
77	876.6
78	877.4
79	878.2
80	879
81	880
82	881
83	882
84	883
85	884
86	881.8
87	879.6
88	877.4
89	875.2
90	873
91	875.6
92	878.2
93	880.8
94	883.4
95	886
96	885
97	884
98	883
99	882
100	881
101	879.8
102	878.6
103	877.4
104	876.2
105	875
106	874.8
107	874.6
108	874.4
109	874.2
110	874
111	874.4
112	874.8
113	875.2
114	875.6
115	876
116	876.2
117	876.4
118	876.6
119	876.8
120	877
121	877.6
122	878.2
123	878.8
124	879.4
125	880
126	881.8
127	883.6
128	885.4
129	887.2
130	889
131	887.6
132	886.2
133	884.8
134	883.4
135	882
136	879
137	876
138	873
139	870
140	867
141	815.8
142	764.6
143	713.4
144	662.2
145	611
146	633
147	655
148	677
149	699
150	721
151	758
152	795
153	832
154	869
155	906
156	904.6
157	903.2
158	901.8
159	900.4
160	899
161	897.6
162	896.2
163	894.8
164	893.4
165	892
166	891.4
167	890.8
168	890.2
169	889.6
170	889
171	888.8
172	888.6
173	888.4
174	888.2
175	888
176	889.4
177	890.8
178	892.2
179	893.6
180	895
181	897.4
182	899.8
183	902.2
184	904.6
185	907
186	906.2
187	905.4
188	904.6
189	903.8
190	903
191	901
192	899
193	897
194	895
195	893
196	893.6
197	894.2
198	894.8
199	895.4
200	896
201	894.6
202	893.2
203	891.8
204	890.4
205	889
206	889.2
207	889.4
208	889.6
209	889.8
210	890
211	892.2
212	894.4
213	896.6
214	898.8
215	901
216	901.2
217	901.4
218	901.6
219	901.8
220	902
221	902.6
222	903.2
223	903.8
224	904.4
225	905
226	904.4
227	903.8
228	903.2
229	902.6
230	902
231	902.4
232	902.8
233	903.2
234	903.6
235	904
236	904.4
237	904.8
238	905.2
239	905.6
240	906
241	906.2
242	906.4
243	906.6
244	906.8
245	907
246	909.6
247	912.2
248	914.8
249	917.4
250	920
251	918.8
252	917.6
253	916.4
254	915.2
255	914
256	915
257	916
258	917
259	918
260	919
261	919.4
262	919.8
263	920.2
264	920.6
265	921
266	921
267	921
268	921
269	921
270	921
271	920.6
272	920.2
273	919.8
274	919.4
275	919
276	918.4
277	917.8
278	917.2
279	916.6
280	916
281	916
282	916
283	916
284	916
285	916
286	916.6
287	917.2
288	917.8
289	918.4
290	919
291	919.8
292	920.6
293	921.4
294	922.2
295	923
296	925.4
297	927.8
298	930.2
299	932.6
300	935
301	935.8
302	936.6
303	937.4
304	938.2
305	939
306	939.6
307	940.2
308	940.8
309	941.4
310	942
311	939.2
312	936.4
313	933.6
314	930.8
315	928
316	927.2
317	926.4
318	925.6
319	924.8
320	924
321	923.8
322	923.6
323	923.4
324	923.2
325	923
326	923.2
327	923.4
328	923.6
329	923.8
330	924
331	924.6
332	925.2
333	925.8
334	926.4
335	927
336	928.6
337	930.2
338	931.8
339	933.4
340	935
341	933.6
342	932.2
343	930.8
344	929.4
345	928
346	926.6
347	925.2
348	923.8
349	922.4
350	921
351	920.2
352	919.4
353	918.6
354	917.8
355	917
356	916.8
357	916.6
358	916.4
359	916.2
360	916
361	917.6
362	919.2
363	920.8
364	922.4
365	924
366	923.4
367	922.8
368	922.2
369	921.6
370	921
371	919.6
372	918.2
373	916.8
374	915.4
375	914
376	915.6
377	917.2
378	918.8
379	920.4
380	922
381	922.4
382	922.8
383	923.2
384	923.6
385	924
386	924.2
387	924.4
388	924.6
389	924.8
390	925
391	924.8
392	924.6
393	924.4
394	924.2
395	924
396	922.6
397	921.2
398	919.8
399	918.4
400	917
401	916.2
402	915.4
403	914.6
404	913.8
405	913
406	912.8
407	912.6
408	912.4
409	912.2
410	912
411	912.4
412	912.8
413	913.2
414	913.6
415	914
416	915.4
417	916.8
418	918.2
419	919.6
420	921
421	923
422	925
423	927
424	929
425	931
426	928.8
427	926.6
428	924.4
429	922.2
430	920
431	920.2
432	920.4
433	920.6
434	920.8
435	921
436	921.2
437	921.4
438	921.6
439	921.8
440	922
441	920.2
442	918.4
443	916.6
444	914.8
445	913
446	912.8
447	912.6
448	912.4
449	912.2
450	912
451	911.6
452	911.2
453	910.8
454	910.4
455	910
456	909.6
457	909.2
458	908.8
459	908.4
460	908
461	909.4
462	910.8
463	912.2
464	913.6
465	915
466	915.8
467	916.6
468	917.4
469	918.2
470	919
471	918.6
472	918.2
473	917.8
474	917.4
475	917
476	918.6
477	920.2
478	921.8
479	923.4
480	925
481	928.8
482	932.6
483	936.4
484	940.2
485	944
486	936.6
487	929.2
488	921.8
489	914.4
490	907
491	906.8
492	906.6
493	906.4
494	906.2
495	906
496	906.6
497	907.2
498	907.8
499	908.4
500	909
501	907.8
502	906.6
503	905.4
504	904.2
505	903
506	904.8
507	906.6
508	908.4
509	910.2
510	912
511	912.8
512	913.6
513	914.4
514	915.2
515	916
516	916.4
517	916.8
518	917.2
519	917.6
520	918
521	917.8
522	917.6
523	917.4
524	917.2
525	917
526	916.8
527	916.6
528	916.4
529	916.2
530	916
531	916.4
532	916.8
533	917.2
534	917.6
535	918
536	917.8
537	917.6
538	917.4
539	917.2
540	917
541	915.6
542	914.2
543	912.8
544	911.4
545	910
546	908.6
547	907.2
548	905.8
549	904.4
550	903
551	905
552	907
553	909
554	911
555	913
556	913.8
557	914.6
558	915.4
559	916.2
560	917
561	918.6
562	920.2
563	921.8
564	923.4
565	925
566	924.4
567	923.8
568	923.2
569	922.6
570	922
571	923
572	924
573	925
574	926
575	927
576	925.4
577	923.8
578	922.2
579	920.6
580	919
581	920
582	921
583	922
584	923
585	924
586	921.6
587	919.2
588	916.8
589	914.4
590	912
591	911.8
592	911.6
593	911.4
594	911.2
595	911
596	911
597	911
598	911
599	911
600	911
601	912.4
602	913.8
603	915.2
604	916.6
605	918
606	918.8
607	919.6
608	920.4
609	921.2
610	922
611	921.6
612	921.2
613	920.8
614	920.4
615	920
616	920
617	920
618	920
619	920
620	920
621	920.6
622	921.2
623	921.8
624	922.4
625	923
626	922
627	921
628	920
629	919
630	918
631	918.4
632	918.8
633	919.2
634	919.6
635	920
636	917.8
637	915.6
638	913.4
639	911.2
640	909
641	909.6
642	910.2
643	910.8
644	911.4
645	912
646	912.2
647	912.4
648	912.6
649	912.8
650	913
651	912.4
652	911.8
653	911.2
654	910.6
655	910
656	911.6
657	913.2
658	914.8
659	916.4
660	918
661	920
662	922
663	924
664	926
665	928
666	927.8
667	927.6
668	927.4
669	927.2
670	927
671	925.4
672	923.8
673	922.2
674	920.6
675	919
676	919.2
677	919.4
678	919.6
679	919.8
680	920
681	919.4
682	918.8
683	918.2
684	917.6
685	917
686	916.8
687	916.6
688	916.4
689	916.2
690	916
691	916
692	916
693	916
694	916
695	916
696	914.4
697	912.8
698	911.2
699	909.6
700	908
701	908.6
702	909.2
703	909.8
704	910.4
705	911
706	910.8
707	910.6
708	910.4
709	910.2
710	910
711	911.4
712	912.8
713	914.2
714	915.6
715	917
716	919.2
717	921.4
718	923.6
719	925.8
720	928
721	926.8
722	925.6
723	924.4
724	923.2
725	922
726	921.2
727	920.4
728	919.6
729	918.8
730	918
731	919.8
732	921.6
733	923.4
734	925.2
735	927
736	925.8
737	924.6
738	923.4
739	922.2
740	921
741	920.4
742	919.8
743	919.2
744	918.6
745	918
746	918.4
747	918.8
748	919.2
749	919.6
750	920
751	917.8
752	915.6
753	913.4
754	911.2
755	909
756	909.4
757	909.8
758	910.2
759	910.6
760	911
761	911
762	911
763	911
764	911
765	911
766	912.8
767	914.6
768	916.4
769	918.2
770	920
771	920.4
772	920.8
773	921.2
774	921.6
775	922
776	921.6
777	921.2
778	920.8
779	920.4
780	920
781	919.6
782	919.2
783	918.8
784	918.4
785	918
786	917.8
787	917.6
788	917.4
789	917.2
790	917
791	916.8
792	916.6
793	916.4
794	916.2
795	916
796	916.2
797	916.4
798	916.6
799	916.8
800	917
801	917.6
802	918.2
803	918.8
804	919.4
805	920
806	918.8
807	917.6
808	916.4
809	915.2
810	914
811	913.4
812	912.8
813	912.2
814	911.6
815	911
816	912.2
817	913.4
818	914.6
819	915.8
820	917
821	917
822	917
823	917
824	917
825	917
826	914
827	911
828	908
829	905
830	902
831	904.6
832	907.2
833	909.8
834	912.4
835	915
836	914.8
837	914.6
838	914.4
839	914.2
840	914
841	914.6
842	915.2
843	915.8
844	916.4
845	917
846	918.8
847	920.6
848	922.4
849	924.2
850	926
851	926.4
852	926.8
853	927.2
854	927.6
855	928
856	927.6
857	927.2
858	926.8
859	926.4
860	926
861	924.4
862	922.8
863	921.2
864	919.6
865	918
866	916.2
867	914.4
868	912.6
869	910.8
870	909
871	910.6
872	912.2
873	913.8
874	915.4
875	917
876	922.8
877	928.6
878	934.4
879	940.2
880	946
881	939.4
882	932.8
883	926.2
884	919.6
885	913
886	912.2
887	911.4
888	910.6
889	909.8
890	909
891	908.6
892	908.2
893	907.8
894	907.4
895	907
896	907.2
897	907.4
898	907.6
899	907.8
900	908
901	908.6
902	909.2
903	909.8
904	910.4
905	911
906	913.4
907	915.8
908	918.2
909	920.6
910	923
911	921.6
912	920.2
913	918.8
914	917.4
915	916
916	915.6
917	915.2
918	914.8
919	914.4
920	914
921	913.6
922	913.2
923	912.8
924	912.4
925	912
926	910.6
927	909.2
928	907.8
929	906.4
930	905
931	904.2
932	903.4
933	902.6
934	901.8
935	901
936	900.8
937	900.6
938	900.4
939	900.2
940	900
941	901.4
942	902.8
943	904.2
944	905.6
945	907
946	908.2
947	909.4
948	910.6
949	911.8
950	913
951	912.6
952	912.2
953	911.8
954	911.4
955	911
956	911.2
957	911.4
958	911.6
959	911.8
960	912
961	912
962	912
963	912
964	912
965	912
966	911.8
967	911.6
968	911.4
969	911.2
970	911
971	912.4
972	913.8
973	915.2
974	916.6
975	918
976	916.8
977	915.6
978	914.4
979	913.2
980	912
981	908
982	904
983	900
984	896
985	892
986	895.6
987	899.2
988	902.8
989	906.4
990	910
991	908.8
992	907.6
993	906.4
994	905.2
995	904
996	907.4
997	910.8
998	914.2
999	917.6
1000	921
1001	921
1002	921
1003	921
1004	921
1005	921
1006	918.4
1007	915.8
1008	913.2
1009	910.6
1010	908
1011	908.2
1012	908.4
1013	908.6
1014	908.8
1015	909
1016	909.4
1017	909.8
1018	910.2
1019	910.6
1020	911
1021	912.8
1022	914.6
1023	916.4
1024	918.2
1025	920
1026	921.8
1027	923.6
1028	925.4
1029	927.2
1030	929
1031	923.8
1032	918.6
1033	913.4
1034	908.2
1035	903
1036	903.4
1037	903.8
1038	904.2
1039	904.6
1040	905
1041	903.8
1042	902.6
1043	901.4
1044	900.2
1045	899
1046	899
1047	899
1048	899
1049	899
1050	899
1051	898.8
1052	898.6
1053	898.4
1054	898.2
1055	898
1056	899.4
1057	900.8
1058	902.2
1059	903.6
1060	905
1061	904.8
1062	904.6
1063	904.4
1064	904.2
1065	904
1066	903.8
1067	903.6
1068	903.4
1069	903.2
1070	903
1071	903.6
1072	904.2
1073	904.8
1074	905.4
1075	906
1076	906.6
1077	907.2
1078	907.8
1079	908.4
1080	909
1081	908.6
1082	908.2
1083	907.8
1084	907.4
1085	907
1086	907.4
1087	907.8
1088	908.2
1089	908.6
1090	909
1091	906.6
1092	904.2
1093	901.8
1094	899.4
1095	897
1096	896.6
1097	896.2
1098	895.8
1099	895.4
1100	895
1101	895.4
1102	895.8
1103	896.2
1104	896.6
1105	897
1106	897
1107	897
1108	897
1109	897
1110	897
1111	898.6
1112	900.2
1113	901.8
1114	903.4
1115	905
1116	905
1117	905
1118	905
1119	905
1120	905
1121	907
1122	909
1123	911
1124	913
1125	915
1126	918
1127	921
1128	924
1129	927
1130	930
1131	927.2
1132	924.4
1133	921.6
1134	918.8
1135	916
1136	916
1137	916
1138	916
1139	916
1140	916
1141	915.2
1142	914.4
1143	913.6
1144	912.8
1145	912
1146	910.6
1147	909.2
1148	907.8
1149	906.4
1150	905
1151	904.8
1152	904.6
1153	904.4
1154	904.2
1155	904
1156	904.6
1157	905.2
1158	905.8
1159	906.4
1160	907
1161	907
1162	907
1163	907
1164	907
1165	907
1166	908
1167	909
1168	910
1169	911
1170	912
1171	913.6
1172	915.2
1173	916.8
1174	918.4
1175	920
1176	920
1177	920
1178	920
1179	920
1180	920
1181	918.4
1182	916.8
1183	915.2
1184	913.6
1185	912
1186	912.2
1187	912.4
1188	912.6
1189	912.8
1190	913
1191	913.6
1192	914.2
1193	914.8
1194	915.4
1195	916
1196	915
1197	914
1198	913
1199	912
1200	911
1201	910
1202	909
1203	908
1204	907
1205	906
1206	905.4
1207	904.8
1208	904.2
1209	903.6
1210	903
1211	903.2
1212	903.4
1213	903.6
1214	903.8
1215	904
1216	904.8
1217	905.6
1218	906.4
1219	907.2
1220	908
1221	907.8
1222	907.6
1223	907.4
1224	907.2
1225	907
1226	910
1227	913
1228	916
1229	919
1230	922
1231	921
1232	920
1233	919
1234	918
1235	917
1236	915.6
1237	914.2
1238	912.8
1239	911.4
1240	910
1241	910.2
1242	910.4
1243	910.6
1244	910.8
1245	911
1246	910.8
1247	910.6
1248	910.4
1249	910.2
1250	910
1251	910.2
1252	910.4
1253	910.6
1254	910.8
1255	911
1256	909.8
1257	908.6
1258	907.4
1259	906.2
1260	905
1261	904.6
1262	904.2
1263	903.8
1264	903.4
1265	903
1266	903
1267	903
1268	903
1269	903
1270	903
1271	903
1272	903
1273	903
1274	903
1275	903
1276	903
1277	903
1278	903
1279	903
1280	903
1281	906.4
1282	909.8
1283	913.2
1284	916.6
1285	920
1286	920.2
1287	920.4
1288	920.6
1289	920.8
1290	921
1291	919.2
1292	917.4
1293	915.6
1294	913.8
1295	912
1296	912.6
1297	913.2
1298	913.8
1299	914.4
1300	915
1301	915.4
1302	915.8
1303	916.2
1304	916.6
1305	917
1306	916
1307	915
1308	914
1309	913
1310	912
1311	911
1312	910
1313	909
1314	908
1315	907
1316	907.8
1317	908.6
1318	909.4
1319	910.2
1320	911
1321	909.8
1322	908.6
1323	907.4
1324	906.2
1325	905
1326	906
1327	907
1328	908
1329	909
1330	910
1331	910.6
1332	911.2
1333	911.8
1334	912.4
1335	913
1336	913.4
1337	913.8
1338	914.2
1339	914.6
1340	915
1341	916.4
1342	917.8
1343	919.2
1344	920.6
1345	922
1346	922.4
1347	922.8
1348	923.2
1349	923.6
1350	924
1351	923.2
1352	922.4
1353	921.6
1354	920.8
1355	920
1356	917.8
1357	915.6
1358	913.4
1359	911.2
1360	909
1361	908.4
1362	907.8
1363	907.2
1364	906.6
1365	906
1366	906.6
1367	907.2
1368	907.8
1369	908.4
1370	909
1371	908.8
1372	908.6
1373	908.4
1374	908.2
1375	908
1376	908.4
1377	908.8
1378	909.2
1379	909.6
1380	910
1381	911.4
1382	912.8
1383	914.2
1384	915.6
1385	917
1386	917
1387	917
1388	917
1389	917
1390	917
1391	917.2
1392	917.4
1393	917.6
1394	917.8
1395	918
1396	918
1397	918
1398	918
1399	918
1400	918
1401	918
1402	918
1403	918
1404	918
1405	918
1406	918.4
1407	918.8
1408	919.2
1409	919.6
1410	920
1411	918.4
1412	916.8
1413	915.2
1414	913.6
1415	912
1416	912
1417	912
1418	912
1419	912
1420	912
1421	912
1422	912
1423	912
1424	912
1425	912
1426	913.4
1427	914.8
1428	916.2
1429	917.6
1430	919
1431	919
1432	919
1433	919
1434	919
1435	919
1436	918.6
1437	918.2
1438	917.8
1439	917.4
1440	917
1441	917.4
1442	917.8
1443	918.2
1444	918.6
1445	919
1446	917.4
1447	915.8
1448	914.2
1449	912.6
1450	911
1451	911.4
1452	911.8
1453	912.2
1454	912.6
1455	913
1456	912.4
1457	911.8
1458	911.2
1459	910.6
1460	910
1461	911.6
1462	913.2
1463	914.8
1464	916.4
1465	918
1466	918
1467	918
1468	918
1469	918
1470	918
1471	918
1472	918
1473	918
1474	918
1475	918
1476	918.2
1477	918.4
1478	918.6
1479	918.8
1480	919
1481	918.8
1482	918.6
1483	918.4
1484	918.2
1485	918
1486	916.6
1487	915.2
1488	913.8
1489	912.4
1490	911
1491	910.8
1492	910.6
1493	910.4
1494	910.2
1495	910
1496	910.4
1497	910.8
1498	911.2
1499	911.6
1500	912
1501	912
1502	912
1503	912
1504	912
1505	912
1506	912
1507	912
1508	912
1509	912
1510	912
1511	913
1512	914
1513	915
1514	916
1515	917
1516	918
1517	919
1518	920
1519	921
1520	922
1521	921.6
1522	921.2
1523	920.8
1524	920.4
1525	920
1526	921
1527	922
1528	923
1529	924
1530	925
1531	924
1532	923
1533	922
1534	921
1535	920
1536	918.8
1537	917.6
1538	916.4
1539	915.2
1540	914
1541	914.2
1542	914.4
1543	914.6
1544	914.8
1545	915
1546	914.6
1547	914.2
1548	913.8
1549	913.4
1550	913
1551	911.6
1552	910.2
1553	908.8
1554	907.4
1555	906
1556	907.8
1557	909.6
1558	911.4
1559	913.2
1560	915
1561	914.8
1562	914.6
1563	914.4
1564	914.2
1565	914
1566	913.8
1567	913.6
1568	913.4
1569	913.2
1570	913
1571	911.4
1572	909.8
1573	908.2
1574	906.6
1575	905
1576	905.2
1577	905.4
1578	905.6
1579	905.8
1580	906
1581	905.6
1582	905.2
1583	904.8
1584	904.4
1585	904
1586	905
1587	906
1588	907
1589	908
1590	909
1591	909.4
1592	909.8
1593	910.2
1594	910.6
1595	911
1596	912
1597	913
1598	914
1599	915
1600	916
1601	916
1602	916
1603	916
1604	916
1605	916
1606	915.2
1607	914.4
1608	913.6
1609	912.8
1610	912
1611	910
1612	908
1613	906
1614	904
1615	902
1616	902
1617	902
1618	902
1619	902
1620	902
1621	901.8
1622	901.6
1623	901.4
1624	901.2
1625	901
1626	901.2
1627	901.4
1628	901.6
1629	901.8
1630	902
1631	902.2
1632	902.4
1633	902.6
1634	902.8
1635	903
1636	904.4
1637	905.8
1638	907.2
1639	908.6
1640	910
1641	911
1642	912
1643	913
1644	914
1645	915
1646	915.2
1647	915.4
1648	915.6
1649	915.8
1650	916
1651	913.4
1652	910.8
1653	908.2
1654	905.6
1655	903
1656	904.2
1657	905.4
1658	906.6
1659	907.8
1660	909
1661	908.6
1662	908.2
1663	907.8
1664	907.4
1665	907
1666	906.2
1667	905.4
1668	904.6
1669	903.8
1670	903
1671	903
1672	903
1673	903
1674	903
1675	903
1676	904
1677	905
1678	906
1679	907
1680	908
1681	908
1682	908
1683	908
1684	908
1685	908
1686	908.4
1687	908.8
1688	909.2
1689	909.6
1690	910
1691	910.2
1692	910.4
1693	910.6
1694	910.8
1695	911
1696	910.2
1697	909.4
1698	908.6
1699	907.8
1700	907
1701	906.8
1702	906.6
1703	906.4
1704	906.2
1705	906
1706	905.2
1707	904.4
1708	903.6
1709	902.8
1710	902
1711	901.6
1712	901.2
1713	900.8
1714	900.4
1715	900
1716	900.2
1717	900.4
1718	900.6
1719	900.8
1720	901
1721	904
1722	907
1723	910
1724	913
1725	916
1726	915.8
1727	915.6
1728	915.4
1729	915.2
1730	915
1731	911.6
1732	908.2
1733	904.8
1734	901.4
1735	898
1736	898.2
1737	898.4
1738	898.6
1739	898.8
1740	899
1741	899.4
1742	899.8
1743	900.2
1744	900.6
1745	901
1746	899.8
1747	898.6
1748	897.4
1749	896.2
1750	895
1751	895.4
1752	895.8
1753	896.2
1754	896.6
1755	897
1756	897
1757	897
1758	897
1759	897
1760	897
1761	898.8
1762	900.6
1763	902.4
1764	904.2
1765	906
1766	906
1767	906
1768	906
1769	906
1770	906
1771	905.2
1772	904.4
1773	903.6
1774	902.8
1775	902
1776	901.2
1777	900.4
1778	899.6
1779	898.8
1780	898
1781	898.6
1782	899.2
1783	899.8
1784	900.4
1785	901
1786	900.2
1787	899.4
1788	898.6
1789	897.8
1790	897
1791	898.4
1792	899.8
1793	901.2
1794	902.6
1795	904
1796	903.4
1797	902.8
1798	902.2
1799	901.6
1800	901
1801	901.4
1802	901.8
1803	902.2
1804	902.6
1805	903
1806	904
1807	905
1808	906
1809	907
1810	908
1811	907
1812	906
1813	905
1814	904
1815	903
1816	902
1817	901
1818	900
1819	899
1820	898
1821	897.4
1822	896.8
1823	896.2
1824	895.6
1825	895
1826	895.2
1827	895.4
1828	895.6
1829	895.8
1830	896
1831	897
1832	898
1833	899
1834	900
1835	901
1836	900
1837	899
1838	898
1839	897
1840	896
1841	897.2
1842	898.4
1843	899.6
1844	900.8
1845	902
1846	902.6
1847	903.2
1848	903.8
1849	904.4
1850	905
1851	904.4
1852	903.8
1853	903.2
1854	902.6
1855	902
1856	901.2
1857	900.4
1858	899.6
1859	898.8
1860	898
1861	899.8
1862	901.6
1863	903.4
1864	905.2
1865	907
1866	906.2
1867	905.4
1868	904.6
1869	903.8
1870	903
1871	902
1872	901
1873	900
1874	899
1875	898
1876	898.4
1877	898.8
1878	899.2
1879	899.6
1880	900
1881	899.8
1882	899.6
1883	899.4
1884	899.2
1885	899
1886	900.4
1887	901.8
1888	903.2
1889	904.6
1890	906
1891	906
1892	906
1893	906
1894	906
1895	906
1896	906.2
1897	906.4
1898	906.6
1899	906.8
1900	907
1901	906.6
1902	906.2
1903	905.8
1904	905.4
1905	905
1906	905.2
1907	905.4
1908	905.6
1909	905.8
1910	906
1911	905.6
1912	905.2
1913	904.8
1914	904.4
1915	904
1916	904.8
1917	905.6
1918	906.4
1919	907.2
1920	908
1921	908.2
1922	908.4
1923	908.6
1924	908.8
1925	909
1926	911.8
1927	914.6
1928	917.4
1929	920.2
1930	923
1931	929.6
1932	936.2
1933	942.8
1934	949.4
1935	956
1936	948.4
1937	940.8
1938	933.2
1939	925.6
1940	918
1941	915.6
1942	913.2
1943	910.8
1944	908.4
1945	906
1946	906.6
1947	907.2
1948	907.8
1949	908.4
1950	909
1951	908.6
1952	908.2
1953	907.8
1954	907.4
1955	907
1956	908
1957	909
1958	910
1959	911
1960	912
1961	911.4
1962	910.8
1963	910.2
1964	909.6
1965	909
1966	910.2
1967	911.4
1968	912.6
1969	913.8
1970	915
1971	915.2
1972	915.4
1973	915.6
1974	915.8
1975	916
1976	916
1977	916
1978	916
1979	916
1980	916
1981	914.6
1982	913.2
1983	911.8
1984	910.4
1985	909
1986	908.8
1987	908.6
1988	908.4
1989	908.2
1990	908
1991	907.4
1992	906.8
1993	906.2
1994	905.6
1995	905
1996	907
1997	909
1998	911
1999	913
2000	915
2001	915.8
2002	916.6
2003	917.4
2004	918.2
2005	919
2006	916.8
2007	914.6
2008	912.4
2009	910.2
2010	908
2011	909.2
2012	910.4
2013	911.6
2014	912.8
2015	914
2016	912.2
2017	910.4
2018	908.6
2019	906.8
2020	905
2021	907.2
2022	909.4
2023	911.6
2024	913.8
2025	916
2026	913.8
2027	911.6
2028	909.4
2029	907.2
2030	905
2031	905.6
2032	906.2
2033	906.8
2034	907.4
2035	908
2036	907.6
2037	907.2
2038	906.8
2039	906.4
2040	906
2041	906.4
2042	906.8
2043	907.2
2044	907.6
2045	908
2046	907.6
2047	907.2
2048	906.8
2049	906.4
2050	906
2051	908
2052	910
2053	912
2054	914
2055	916
2056	916
2057	916
2058	916
2059	916
2060	916
2061	916.6
2062	917.2
2063	917.8
2064	918.4
2065	919
2066	920
2067	921
2068	922
2069	923
2070	924
2071	921.8
2072	919.6
2073	917.4
2074	915.2
2075	913
2076	911.6
2077	910.2
2078	908.8
2079	907.4
2080	906
2081	905.8
2082	905.6
2083	905.4
2084	905.2
2085	905
2086	905
2087	905
2088	905
2089	905
2090	905
2091	904.8
2092	904.6
2093	904.4
2094	904.2
2095	904
2096	905.8
2097	907.6
2098	909.4
2099	911.2
2100	913
2101	913.2
2102	913.4
2103	913.6
2104	913.8
2105	914
2106	913.8
2107	913.6
2108	913.4
2109	913.2
2110	913
2111	913
2112	913
2113	913
2114	913
2115	913
2116	911.6
2117	910.2
2118	908.8
2119	907.4
2120	906
2121	905.8
2122	905.6
2123	905.4
2124	905.2
2125	905
2126	904.4
2127	903.8
2128	903.2
2129	902.6
2130	902
2131	903.4
2132	904.8
2133	906.2
2134	907.6
2135	909
2136	908.8
2137	908.6
2138	908.4
2139	908.2
2140	908
2141	908.6
2142	909.2
2143	909.8
2144	910.4
2145	911
2146	910.8
2147	910.6
2148	910.4
2149	910.2
2150	910
2151	910
2152	910
2153	910
2154	910
2155	910
2156	910
2157	910
2158	910
2159	910
2160	910
2161	909.8
2162	909.6
2163	909.4
2164	909.2
2165	909
2166	908.4
2167	907.8
2168	907.2
2169	906.6
2170	906
2171	905.6
2172	905.2
2173	904.8
2174	904.4
2175	904
2176	903.6
2177	903.2
2178	902.8
2179	902.4
2180	902
2181	902.2
2182	902.4
2183	902.6
2184	902.8
2185	903
2186	904.2
2187	905.4
2188	906.6
2189	907.8
2190	909
2191	909.4
2192	909.8
2193	910.2
2194	910.6
2195	911
2196	911.4
2197	911.8
2198	912.2
2199	912.6
2200	913
2201	914.2
2202	915.4
2203	916.6
2204	917.8
2205	919
2206	918.6
2207	918.2
2208	917.8
2209	917.4
2210	917
2211	914.4
2212	911.8
2213	909.2
2214	906.6
2215	904
2216	904.4
2217	904.8
2218	905.2
2219	905.6
2220	906
2221	905.8
2222	905.6
2223	905.4
2224	905.2
2225	905
2226	905
2227	905
2228	905
2229	905
2230	905
2231	904.6
2232	904.2
2233	903.8
2234	903.4
2235	903
2236	904.6
2237	906.2
2238	907.8
2239	909.4
2240	911
2241	911
2242	911
2243	911
2244	911
2245	911
2246	911.2
2247	911.4
2248	911.6
2249	911.8
2250	912
2251	912.2
2252	912.4
2253	912.6
2254	912.8
2255	913
2256	913
2257	913
2258	913
2259	913
2260	913
2261	909.8
2262	906.6
2263	903.4
2264	900.2
2265	897
2266	898.8
2267	900.6
2268	902.4
2269	904.2
2270	906
2271	906
2272	906
2273	906
2274	906
2275	906
2276	904.4
2277	902.8
2278	901.2
2279	899.6
2280	898
2281	898
2282	898
2283	898
2284	898
2285	898
2286	899.4
2287	900.8
2288	902.2
2289	903.6
2290	905
2291	904.8
2292	904.6
2293	904.4
2294	904.2
2295	904
2296	904
2297	904
2298	904
2299	904
2300	904
2301	904.2
2302	904.4
2303	904.6
2304	904.8
2305	905
2306	904.6
2307	904.2
2308	903.8
2309	903.4
2310	903
2311	901.8
2312	900.6
2313	899.4
2314	898.2
2315	897
2316	897.2
2317	897.4
2318	897.6
2319	897.8
2320	898
2321	897.2
2322	896.4
2323	895.6
2324	894.8
2325	894
2326	894.6
2327	895.2
2328	895.8
2329	896.4
2330	897
2331	898.2
2332	899.4
2333	900.6
2334	901.8
2335	903
2336	905
2337	907
2338	909
2339	911
2340	913
2341	911.6
2342	910.2
2343	908.8
2344	907.4
2345	906
2346	906.2
2347	906.4
2348	906.6
2349	906.8
2350	907
2351	906.8
2352	906.6
2353	906.4
2354	906.2
2355	906
2356	906.4
2357	906.8
2358	907.2
2359	907.6
2360	908
2361	906.8
2362	905.6
2363	904.4
2364	903.2
2365	902
2366	901.8
2367	901.6
2368	901.4
2369	901.2
2370	901
2371	900.6
2372	900.2
2373	899.8
2374	899.4
2375	899
2376	898.8
2377	898.6
2378	898.4
2379	898.2
2380	898
2381	898.6
2382	899.2
2383	899.8
2384	900.4
2385	901
2386	901.8
2387	902.6
2388	903.4
2389	904.2
2390	905
2391	905.4
2392	905.8
2393	906.2
2394	906.6
2395	907
2396	907
2397	907
2398	907
2399	907
2400	907
2401	908.4
2402	909.8
2403	911.2
2404	912.6
2405	914
2406	912.2
2407	910.4
2408	908.6
2409	906.8
2410	905
2411	904.2
2412	903.4
2413	902.6
2414	901.8
2415	901
2416	900
2417	899
2418	898
2419	897
2420	896
2421	897.2
2422	898.4
2423	899.6
2424	900.8
2425	902
2426	902
2427	902
2428	902
2429	902
2430	902
2431	901.8
2432	901.6
2433	901.4
2434	901.2
2435	901
2436	901.4
2437	901.8
2438	902.2
2439	902.6
2440	903
2441	903.6
2442	904.2
2443	904.8
2444	905.4
2445	906
2446	905.6
2447	905.2
2448	904.8
2449	904.4
2450	904
2451	904.6
2452	905.2
2453	905.8
2454	906.4
2455	907
2456	907.2
2457	907.4
2458	907.6
2459	907.8
2460	908
2461	906.4
2462	904.8
2463	903.2
2464	901.6
2465	900
2466	901
2467	902
2468	903
2469	904
2470	905
2471	903.6
2472	902.2
2473	900.8
2474	899.4
2475	898
2476	897.8
2477	897.6
2478	897.4
2479	897.2
2480	897
2481	897.6
2482	898.2
2483	898.8
2484	899.4
2485	900
2486	900.8
2487	901.6
2488	902.4
2489	903.2
2490	904
2491	904.4
2492	904.8
2493	905.2
2494	905.6
2495	906
2496	905.4
2497	904.8
2498	904.2
2499	903.6
2500	903
2501	903.4
2502	903.8
2503	904.2
2504	904.6
2505	905
2506	904.8
2507	904.6
2508	904.4
2509	904.2
2510	904
2511	902.2
2512	900.4
2513	898.6
2514	896.8
2515	895
2516	895.8
2517	896.6
2518	897.4
2519	898.2
2520	899
2521	898.2
2522	897.4
2523	896.6
2524	895.8
2525	895
2526	896.4
2527	897.8
2528	899.2
2529	900.6
2530	902
2531	902.6
2532	903.2
2533	903.8
2534	904.4
2535	905
2536	904.8
2537	904.6
2538	904.4
2539	904.2
2540	904
2541	903.8
2542	903.6
2543	903.4
2544	903.2
2545	903
2546	903
2547	903
2548	903
2549	903
2550	903
2551	903.8
2552	904.6
2553	905.4
2554	906.2
2555	907
2556	906.2
2557	905.4
2558	904.6
2559	903.8
2560	903
2561	902.6
2562	902.2
2563	901.8
2564	901.4
2565	901
2566	901.4
2567	901.8
2568	902.2
2569	902.6
2570	903
2571	903
2572	903
2573	903
2574	903
2575	903
2576	903
2577	903
2578	903
2579	903
2580	903
2581	903.4
2582	903.8
2583	904.2
2584	904.6
2585	905
2586	905.8
2587	906.6
2588	907.4
2589	908.2
2590	909
2591	910.2
2592	911.4
2593	912.6
2594	913.8
2595	915
2596	915.4
2597	915.8
2598	916.2
2599	916.6
2600	917
2601	916.2
2602	915.4
2603	914.6
2604	913.8
2605	913
2606	912.8
2607	912.6
2608	912.4
2609	912.2
2610	912
2611	909.8
2612	907.6
2613	905.4
2614	903.2
2615	901
2616	901.2
2617	901.4
2618	901.6
2619	901.8
2620	902
2621	902
2622	902
2623	902
2624	902
2625	902
2626	902
2627	902
2628	902
2629	902
2630	902
2631	902.4
2632	902.8
2633	903.2
2634	903.6
2635	904
2636	904.8
2637	905.6
2638	906.4
2639	907.2
2640	908
2641	908.6
2642	909.2
2643	909.8
2644	910.4
2645	911
2646	911.2
2647	911.4
2648	911.6
2649	911.8
2650	912
2651	911.4
2652	910.8
2653	910.2
2654	909.6
2655	909
2656	909.4
2657	909.8
2658	910.2
2659	910.6
2660	911
2661	911.2
2662	911.4
2663	911.6
2664	911.8
2665	912
2666	910.8
2667	909.6
2668	908.4
2669	907.2
2670	906
2671	905
2672	904
2673	903
2674	902
2675	901
2676	901.4
2677	901.8
2678	902.2
2679	902.6
2680	903
2681	903.2
2682	903.4
2683	903.6
2684	903.8
2685	904
2686	906.2
2687	908.4
2688	910.6
2689	912.8
2690	915
2691	914.8
2692	914.6
2693	914.4
2694	914.2
2695	914
2696	913.8
2697	913.6
2698	913.4
2699	913.2
2700	913
2701	912.4
2702	911.8
2703	911.2
2704	910.6
2705	910
2706	910.4
2707	910.8
2708	911.2
2709	911.6
2710	912
2711	910.4
2712	908.8
2713	907.2
2714	905.6
2715	904
2716	903.8
2717	903.6
2718	903.4
2719	903.2
2720	903
2721	902.8
2722	902.6
2723	902.4
2724	902.2
2725	902
2726	902
2727	902
2728	902
2729	902
2730	902
2731	904.8
2732	907.6
2733	910.4
2734	913.2
2735	916
2736	916.6
2737	917.2
2738	917.8
2739	918.4
2740	919
2741	917.8
2742	916.6
2743	915.4
2744	914.2
2745	913
2746	912.8
2747	912.6
2748	912.4
2749	912.2
2750	912
2751	911.8
2752	911.6
2753	911.4
2754	911.2
2755	911
2756	909.4
2757	907.8
2758	906.2
2759	904.6
2760	903
2761	903.2
2762	903.4
2763	903.6
2764	903.8
2765	904
2766	903.4
2767	902.8
2768	902.2
2769	901.6
2770	901
2771	900.8
2772	900.6
2773	900.4
2774	900.2
2775	900
2776	900.2
2777	900.4
2778	900.6
2779	900.8
2780	901
2781	903.2
2782	905.4
2783	907.6
2784	909.8
2785	912
2786	912.4
2787	912.8
2788	913.2
2789	913.6
2790	914
2791	914
2792	914
2793	914
2794	914
2795	914
2796	913.4
2797	912.8
2798	912.2
2799	911.6
2800	911
2801	908.8
2802	906.6
2803	904.4
2804	902.2
2805	900
2806	901.4
2807	902.8
2808	904.2
2809	905.6
2810	907
2811	907.6
2812	908.2
2813	908.8
2814	909.4
2815	910
2816	908.4
2817	906.8
2818	905.2
2819	903.6
2820	902
2821	901.8
2822	901.6
2823	901.4
2824	901.2
2825	901
2826	902.8
2827	904.6
2828	906.4
2829	908.2
2830	910
2831	910.4
2832	910.8
2833	911.2
2834	911.6
2835	912
2836	911.4
2837	910.8
2838	910.2
2839	909.6
2840	909
2841	908.4
2842	907.8
2843	907.2
2844	906.6
2845	906
2846	905.4
2847	904.8
2848	904.2
2849	903.6
2850	903
2851	902.4
2852	901.8
2853	901.2
2854	900.6
2855	900
2856	900.4
2857	900.8
2858	901.2
2859	901.6
2860	902
2861	905
2862	908
2863	911
2864	914
2865	917
2866	914
2867	911
2868	908
2869	905
2870	902
2871	903.6
2872	905.2
2873	906.8
2874	908.4
2875	910
2876	909.8
2877	909.6
2878	909.4
2879	909.2
2880	909
2881	909
2882	909
2883	909
2884	909
2885	909
2886	907.6
2887	906.2
2888	904.8
2889	903.4
2890	902
2891	903
2892	904
2893	905
2894	906
2895	907
2896	906.6
2897	906.2
2898	905.8
2899	905.4
2900	905
2901	906.6
2902	908.2
2903	909.8
2904	911.4
2905	913
2906	911
2907	909
2908	907
2909	905
2910	903
2911	904.8
2912	906.6
2913	908.4
2914	910.2
2915	912
2916	913
2917	914
2918	915
2919	916
2920	917
2921	917.4
2922	917.8
2923	918.2
2924	918.6
2925	919
2926	917
2927	915
2928	913
2929	911
2930	909
2931	907.4
2932	905.8
2933	904.2
2934	902.6
2935	901
2936	901
2937	901
2938	901
2939	901
2940	901
2941	902.2
2942	903.4
2943	904.6
2944	905.8
2945	907
2946	906.2
2947	905.4
2948	904.6
2949	903.8
2950	903
2951	904.2
2952	905.4
2953	906.6
2954	907.8
2955	909
2956	910.4
2957	911.8
2958	913.2
2959	914.6
2960	916
2961	915.6
2962	915.2
2963	914.8
2964	914.4
2965	914
2966	914.2
2967	914.4
2968	914.6
2969	914.8
2970	915
2971	912.8
2972	910.6
2973	908.4
2974	906.2
2975	904
2976	904
2977	904
2978	904
2979	904
2980	904
2981	904.8
2982	905.6
2983	906.4
2984	907.2
2985	908
2986	908
2987	908
2988	908
2989	908
2990	908
2991	907.8
2992	907.6
2993	907.4
2994	907.2
2995	907
2996	907.2
2997	907.4
2998	907.6
2999	907.8
3000	908
3001	909.4
3002	910.8
3003	912.2
3004	913.6
3005	915
3006	915.6
3007	916.2
3008	916.8
3009	917.4
3010	918
3011	917
3012	916
3013	915
3014	914
3015	913
3016	911.4
3017	909.8
3018	908.2
3019	906.6
3020	905
3021	907.6
3022	910.2
3023	912.8
3024	915.4
3025	918
3026	916.4
3027	914.8
3028	913.2
3029	911.6
3030	910
3031	907.6
3032	905.2
3033	902.8
3034	900.4
3035	898
3036	897.8
3037	897.6
3038	897.4
3039	897.2
3040	897
3041	897.4
3042	897.8
3043	898.2
3044	898.6
3045	899
3046	901.8
3047	904.6
3048	907.4
3049	910.2
3050	913
3051	909.6
3052	906.2
3053	902.8
3054	899.4
3055	896
3056	895.8
3057	895.6
3058	895.4
3059	895.2
3060	895
3061	895
3062	895
3063	895
3064	895
3065	895
3066	894.4
3067	893.8
3068	893.2
3069	892.6
3070	892
3071	891.8
3072	891.6
3073	891.4
3074	891.2
3075	891
3076	890.8
3077	890.6
3078	890.4
3079	890.2
3080	890
3081	892.6
3082	895.2
3083	897.8
3084	900.4
3085	903
3086	902.6
3087	902.2
3088	901.8
3089	901.4
3090	901
3091	899.8
3092	898.6
3093	897.4
3094	896.2
3095	895
3096	893.8
3097	892.6
3098	891.4
3099	890.2
3100	889
3101	889.8
3102	890.6
3103	891.4
3104	892.2
3105	893
3106	894.2
3107	895.4
3108	896.6
3109	897.8
3110	899
3111	898.8
3112	898.6
3113	898.4
3114	898.2
3115	898
3116	898
3117	898
3118	898
3119	898
3120	898
3121	897.4
3122	896.8
3123	896.2
3124	895.6
3125	895
3126	896.2
3127	897.4
3128	898.6
3129	899.8
3130	901
3131	900.8
3132	900.6
3133	900.4
3134	900.2
3135	900
3136	898.4
3137	896.8
3138	895.2
3139	893.6
3140	892
3141	892.6
3142	893.2
3143	893.8
3144	894.4
3145	895
3146	894.8
3147	894.6
3148	894.4
3149	894.2
3150	894
3151	893.8
3152	893.6
3153	893.4
3154	893.2
3155	893
3156	893.6
3157	894.2
3158	894.8
3159	895.4
3160	896
3161	896.6
3162	897.2
3163	897.8
3164	898.4
3165	899
3166	899.8
3167	900.6
3168	901.4
3169	902.2
3170	903
3171	902.4
3172	901.8
3173	901.2
3174	900.6
3175	900
3176	899
3177	898
3178	897
3179	896
3180	895
3181	894.4
3182	893.8
3183	893.2
3184	892.6
3185	892
3186	892.4
3187	892.8
3188	893.2
3189	893.6
3190	894
3191	894.2
3192	894.4
3193	894.6
3194	894.8
3195	895
3196	895
3197	895
3198	895
3199	895
3200	895
3201	895
3202	895
3203	895
3204	895
3205	895
3206	895
3207	895
3208	895
3209	895
3210	895
3211	896.8
3212	898.6
3213	900.4
3214	902.2
3215	904
3216	904
3217	904
3218	904
3219	904
3220	904
3221	903
3222	902
3223	901
3224	900
3225	899
3226	899
3227	899
3228	899
3229	899
3230	899
3231	900
3232	901
3233	902
3234	903
3235	904
3236	901.8
3237	899.6
3238	897.4
3239	895.2
3240	893
3241	894.4
3242	895.8
3243	897.2
3244	898.6
3245	900
3246	899.4
3247	898.8
3248	898.2
3249	897.6
3250	897
3251	898
3252	899
3253	900
3254	901
3255	902
3256	902.6
3257	903.2
3258	903.8
3259	904.4
3260	905
3261	903.6
3262	902.2
3263	900.8
3264	899.4
3265	898
3266	897.4
3267	896.8
3268	896.2
3269	895.6
3270	895
3271	895.2
3272	895.4
3273	895.6
3274	895.8
3275	896
3276	896
3277	896
3278	896
3279	896
3280	896
3281	896.2
3282	896.4
3283	896.6
3284	896.8
3285	897
3286	897.4
3287	897.8
3288	898.2
3289	898.6
3290	899
3291	898.4
3292	897.8
3293	897.2
3294	896.6
3295	896
3296	898
3297	900
3298	902
3299	904
3300	906
3301	906.6
3302	907.2
3303	907.8
3304	908.4
3305	909
3306	907.2
3307	905.4
3308	903.6
3309	901.8
3310	900
3311	900.6
3312	901.2
3313	901.8
3314	902.4
3315	903
3316	902.8
3317	902.6
3318	902.4
3319	902.2
3320	902
3321	902.4
3322	902.8
3323	903.2
3324	903.6
3325	904
3326	904.6
3327	905.2
3328	905.8
3329	906.4
3330	907
3331	907.2
3332	907.4
3333	907.6
3334	907.8
3335	908
3336	911.4
3337	914.8
3338	918.2
3339	921.6
3340	925
3341	923.4
3342	921.8
3343	920.2
3344	918.6
3345	917
3346	916
3347	915
3348	914
3349	913
3350	912
3351	911
3352	910
3353	909
3354	908
3355	907
3356	908
3357	909
3358	910
3359	911
3360	912
3361	912.8
3362	913.6
3363	914.4
3364	915.2
3365	916
3366	915.8
3367	915.6
3368	915.4
3369	915.2
3370	915
3371	914.4
3372	913.8
3373	913.2
3374	912.6
3375	912
3376	912
3377	912
3378	912
3379	912
3380	912
3381	913
3382	914
3383	915
3384	916
3385	917
3386	918
3387	919
3388	920
3389	921
3390	922
3391	920.2
3392	918.4
3393	916.6
3394	914.8
3395	913
3396	912.4
3397	911.8
3398	911.2
3399	910.6
3400	910
3401	910
3402	910
3403	910
3404	910
3405	910
3406	910
3407	910
3408	910
3409	910
3410	910
3411	910.6
3412	911.2
3413	911.8
3414	912.4
3415	913
3416	911.6
3417	910.2
3418	908.8
3419	907.4
3420	906
3421	906.6
3422	907.2
3423	907.8
3424	908.4
3425	909
3426	910.4
3427	911.8
3428	913.2
3429	914.6
3430	916
3431	916.2
3432	916.4
3433	916.6
3434	916.8
3435	917
3436	924.2
3437	931.4
3438	938.6
3439	945.8
3440	953
3441	945.6
3442	938.2
3443	930.8
3444	923.4
3445	916
3446	914.8
3447	913.6
3448	912.4
3449	911.2
3450	910
3451	912
3452	914
3453	916
3454	918
3455	920
3456	915
3457	910
3458	905
3459	900
3460	895
3461	892.4
3462	889.8
3463	887.2
3464	884.6
3465	882
3466	882
3467	882
3468	882
3469	882
3470	882
3471	882
3472	882
3473	882
3474	882
3475	882
3476	882.4
3477	882.8
3478	883.2
3479	883.6
3480	884
3481	886
3482	888
3483	890
3484	892
3485	894
3486	894.8
3487	895.6
3488	896.4
3489	897.2
3490	898
3491	898.6
3492	899.2
3493	899.8
3494	900.4
3495	901
3496	895.2
3497	889.4
3498	883.6
3499	877.8
3500	872
3501	869.6
3502	867.2
3503	864.8
3504	862.4
3505	860
3506	861.4
3507	862.8
3508	864.2
3509	865.6
3510	867
3511	866
3512	865
3513	864
3514	863
3515	862
3516	862.2
3517	862.4
3518	862.6
3519	862.8
3520	863
3521	862.2
3522	861.4
3523	860.6
3524	859.8
3525	859
3526	859.6
3527	860.2
3528	860.8
3529	861.4
3530	862
3531	862
3532	862
3533	862
3534	862
3535	862
3536	862.2
3537	862.4
3538	862.6
3539	862.8
3540	863
3541	863.8
3542	864.6
3543	865.4
3544	866.2
3545	867
3546	867.6
3547	868.2
3548	868.8
3549	869.4
3550	870
3551	871.4
3552	872.8
3553	874.2
3554	875.6
3555	877
3556	876
3557	875
3558	874
3559	873
3560	872
3561	872.8
3562	873.6
3563	874.4
3564	875.2
3565	876
3566	875.8
3567	875.6
3568	875.4
3569	875.2
3570	875
3571	875.4
3572	875.8
3573	876.2
3574	876.6
3575	877
3576	876.8
3577	876.6
3578	876.4
3579	876.2
3580	876
3581	875.2
3582	874.4
3583	873.6
3584	872.8
3585	872
3586	872.4
3587	872.8
3588	873.2
3589	873.6
3590	874
3591	873
3592	872
3593	871
3594	870
3595	869
3596	867.2
3597	865.4
3598	863.6
3599	861.8
3600	860
3601	861.4
3602	862.8
3603	864.2
3604	865.6
3605	867
3606	867.6
3607	868.2
3608	868.8
3609	869.4
3610	870
3611	869.8
3612	869.6
3613	869.4
3614	869.2
3615	869
3616	868.6
3617	868.2
3618	867.8
3619	867.4
3620	867
3621	867
3622	867
3623	867
3624	867
3625	867
3626	864.8
3627	862.6
3628	860.4
3629	858.2
3630	856
3631	856.2
3632	856.4
3633	856.6
3634	856.8
3635	857
3636	856.2
3637	855.4
3638	854.6
3639	853.8
3640	853
3641	854
3642	855
3643	856
3644	857
3645	858
3646	858.8
3647	859.6
3648	860.4
3649	861.2
3650	862
3651	867
3652	872
3653	877
3654	882
3655	887
3656	883.2
3657	879.4
3658	875.6
3659	871.8
3660	868
3661	867.4
3662	866.8
3663	866.2
3664	865.6
3665	865
3666	866
3667	867
3668	868
3669	869
3670	870
3671	868.8
3672	867.6
3673	866.4
3674	865.2
3675	864
3676	865.2
3677	866.4
3678	867.6
3679	868.8
3680	870
3681	870.8
3682	871.6
3683	872.4
3684	873.2
3685	874
3686	874.6
3687	875.2
3688	875.8
3689	876.4
3690	877
3691	879
3692	881
3693	883
3694	885
3695	887
3696	887
3697	887
3698	887
3699	887
3700	887
3701	888.2
3702	889.4
3703	890.6
3704	891.8
3705	893
3706	895.2
3707	897.4
3708	899.6
3709	901.8
3710	904
3711	902.8
3712	901.6
3713	900.4
3714	899.2
3715	898
3716	896.6
3717	895.2
3718	893.8
3719	892.4
3720	891
3721	892.8
3722	894.6
3723	896.4
3724	898.2
3725	900
3726	897.2
3727	894.4
3728	891.6
3729	888.8
3730	886
3731	884.8
3732	883.6
3733	882.4
3734	881.2
3735	880
3736	878.6
3737	877.2
3738	875.8
3739	874.4
3740	873
3741	872.4
3742	871.8
3743	871.2
3744	870.6
3745	870
3746	870
3747	870
3748	870
3749	870
3750	870
3751	870
3752	870
3753	870
3754	870
3755	870
3756	870
3757	870
3758	870
3759	870
3760	870
3761	871.4
3762	872.8
3763	874.2
3764	875.6
3765	877
3766	877
3767	877
3768	877
3769	877
3770	877
3771	876.8
3772	876.6
3773	876.4
3774	876.2
3775	876
3776	876
3777	876
3778	876
3779	876
3780	876
3781	876.8
3782	877.6
3783	878.4
3784	879.2
3785	880
3786	880
3787	880
3788	880
3789	880
3790	880
3791	802.4
3792	724.8
3793	647.2
3794	569.6
3795	492
3796	473.6
3797	455.2
3798	436.8
3799	418.4
3800	400
3801	374.8
3802	349.6
3803	324.4
3804	299.2
3805	274
3806	268.2
3807	262.4
3808	256.6
3809	250.8
3810	245
3811	245.4
3812	245.8
3813	246.2
3814	246.6
3815	247
3816	247
3817	247
3818	247
3819	247
3820	247
3821	247.2
3822	247.4
3823	247.6
3824	247.8
3825	248
3826	248
3827	248
3828	248
3829	248
3830	248
3831	248
3832	248
3833	248
3834	248
3835	248
3836	247.8
3837	247.6
3838	247.4
3839	247.2
3840	247
3841	247
3842	247
3843	247
3844	247
3845	247
3846	247
3847	247
3848	247
3849	247
3850	247
3851	246.8
3852	246.6
3853	246.4
3854	246.2
3855	246
3856	244.4
3857	242.8
3858	241.2
3859	239.6
3860	238
3861	238
3862	238
3863	238
3864	238
3865	238
3866	238
3867	238
3868	238
3869	238
3870	238
3871	237.8
3872	237.6
3873	237.4
3874	237.2
3875	237
3876	237.2
3877	237.4
3878	237.6
3879	237.8
3880	238
3881	238.2
3882	238.4
3883	238.6
3884	238.8
3885	239
3886	239
3887	239
3888	239
3889	239
3890	239
3891	238.8
3892	238.6
3893	238.4
3894	238.2
3895	238
3896	238
3897	238
3898	238
3899	238
3900	238
3901	238.4
3902	238.8
3903	239.2
3904	239.6
3905	240
3906	239.2
3907	238.4
3908	237.6
3909	236.8
3910	236
3911	236.4
3912	236.8
3913	237.2
3914	237.6
3915	238
3916	239.6
3917	241.2
3918	242.8
3919	244.4
3920	246
3921	245
3922	244
3923	243
3924	242
3925	241
3926	222.2
3927	203.4
3928	184.6
3929	165.8
3930	147
3931	143.2
3932	139.4
3933	135.6
3934	131.8
3935	128
3936	138
3937	148
3938	158
3939	168
3940	178
3941	177.6
3942	177.2
3943	176.8
3944	176.4
3945	176
3946	168
3947	160
3948	152
3949	144
3950	136
3951	135.8
3952	135.6
3953	135.4
3954	135.2
3955	135
3956	136.4
3957	137.8
3958	139.2
3959	140.6
3960	142
3961	144.8
3962	147.6
3963	150.4
3964	153.2
3965	156
3966	155.8
3967	155.6
3968	155.4
3969	155.2
3970	155
3971	155
3972	155
3973	155
3974	155
3975	155
3976	154.4
3977	153.8
3978	153.2
3979	152.6
3980	152
3981	152.2
3982	152.4
3983	152.6
3984	152.8
3985	153
3986	149
3987	145
3988	141
3989	137
3990	133
3991	137.2
3992	141.4
3993	145.6
3994	149.8
3995	154
3996	157.4
3997	160.8
3998	164.2
3999	167.6
4000	171
4001	164.6
4002	158.2
4003	151.8
4004	145.4
4005	139
4006	139.6
4007	140.2
4008	140.8
4009	141.4
4010	142
4011	144
4012	146
4013	148
4014	150
4015	152
4016	181
4017	210
4018	239
4019	268
4020	297
4021	288
4022	279
4023	270
4024	261
4025	252
4026	232.4
4027	212.8
4028	193.2
4029	173.6
4030	154
4031	158.6
4032	163.2
4033	167.8
4034	172.4
4035	177
4036	174.8
4037	172.6
4038	170.4
4039	168.2
4040	166
4041	174.6
4042	183.2
4043	191.8
4044	200.4
4045	209
4046	194.2
4047	179.4
4048	164.6
4049	149.8
4050	135
4051	133.6
4052	132.2
4053	130.8
4054	129.4
4055	128
4056	128.2
4057	128.4
4058	128.6
4059	128.8
4060	129
4061	128.8
4062	128.6
4063	128.4
4064	128.2
4065	128
4066	127.6
4067	127.2
4068	126.8
4069	126.4
4070	126
4071	136.8
4072	147.6
4073	158.4
4074	169.2
4075	180
4076	241
4077	302
4078	363
4079	424
4080	485
4081	523.6
4082	562.2
4083	600.8
4084	639.4
4085	678
4086	647.6
4087	617.2
4088	586.8
4089	556.4
4090	526
4091	532.2
4092	538.4
4093	544.6
4094	550.8
4095	557
4096	532.4
4097	507.8
4098	483.2
4099	458.6
4100	434
4101	464.2
4102	494.4
4103	524.6
4104	554.8
4105	585
4106	586.4
4107	587.8
4108	589.2
4109	590.6
4110	592
4111	592
4112	592
4113	592
4114	592
4115	592
4116	567.4
4117	542.8
4118	518.2
4119	493.6
4120	469
4121	457.8
4122	446.6
4123	435.4
4124	424.2
4125	413
4126	388
4127	363
4128	338
4129	313
4130	288
4131	299
4132	310
4133	321
4134	332
4135	343
4136	360.6
4137	378.2
4138	395.8
4139	413.4
4140	431
4141	442.2
4142	453.4
4143	464.6
4144	475.8
4145	487
4146	484.6
4147	482.2
4148	479.8
4149	477.4
4150	475
4151	421.2
4152	367.4
4153	313.6
4154	259.8
4155	206
4156	202.8
4157	199.6
4158	196.4
4159	193.2
4160	190
4161	187.8
4162	185.6
4163	183.4
4164	181.2
4165	179
4166	182.4
4167	185.8
4168	189.2
4169	192.6
4170	196
4171	182.6
4172	169.2
4173	155.8
4174	142.4
4175	129
4176	132
4177	135
4178	138
4179	141
4180	144
4181	145
4182	146
4183	147
4184	148
4185	149
4186	152.8
4187	156.6
4188	160.4
4189	164.2
4190	168
4191	244.2
4192	320.4
4193	396.6
4194	472.8
4195	549
4196	570.8
4197	592.6
4198	614.4
4199	636.2
4200	658
4201	626.8
4202	595.6
4203	564.4
4204	533.2
4205	502
4206	487.2
4207	472.4
4208	457.6
4209	442.8
4210	428
4211	453.4
4212	478.8
4213	504.2
4214	529.6
4215	555
4216	546.2
4217	537.4
4218	528.6
4219	519.8
4220	511
4221	509.4
4222	507.8
4223	506.2
4224	504.6
4225	503
4226	506.6
4227	510.2
4228	513.8
4229	517.4
4230	521
4231	522.6
4232	524.2
4233	525.8
4234	527.4
4235	529
4236	532
4237	535
4238	538
4239	541
4240	544
4241	537.8
4242	531.6
4243	525.4
4244	519.2
4245	513
4246	496.4
4247	479.8
4248	463.2
4249	446.6
4250	430
4251	449.4
4252	468.8
4253	488.2
4254	507.6
4255	527
4256	500
4257	473
4258	446
4259	419
4260	392
4261	426.8
4262	461.6
4263	496.4
4264	531.2
4265	566
4266	567.8
4267	569.6
4268	571.4
4269	573.2
4270	575
4271	601.6
4272	628.2
4273	654.8
4274	681.4
4275	708
4276	682
4277	656
4278	630
4279	604
4280	578
4281	551.6
4282	525.2
4283	498.8
4284	472.4
4285	446
4286	455
4287	464
4288	473
4289	482
4290	491
4291	512
4292	533
4293	554
4294	575
4295	596
4296	578.2
4297	560.4
4298	542.6
4299	524.8
4300	507
4301	513
4302	519
4303	525
4304	531
4305	537
4306	532.2
4307	527.4
4308	522.6
4309	517.8
4310	513
4311	513
4312	513
4313	513
4314	513
4315	513
4316	512.8
4317	512.6
4318	512.4
4319	512.2
4320	512
4321	516.4
4322	520.8
4323	525.2
4324	529.6
4325	534
4326	535.6
4327	537.2
4328	538.8
4329	540.4
4330	542
4331	541.2
4332	540.4
4333	539.6
4334	538.8
4335	538
4336	538.2
4337	538.4
4338	538.6
4339	538.8
4340	539
4341	539.8
4342	540.6
4343	541.4
4344	542.2
4345	543
4346	541.2
4347	539.4
4348	537.6
4349	535.8
4350	534
4351	534
4352	534
4353	534
4354	534
4355	534
4356	535.4
4357	536.8
4358	538.2
4359	539.6
4360	541
4361	538.8
4362	536.6
4363	534.4
4364	532.2
4365	530
4366	531.6
4367	533.2
4368	534.8
4369	536.4
4370	538
4371	540
4372	542
4373	544
4374	546
4375	548
4376	547
4377	546
4378	545
4379	544
4380	543
4381	542.2
4382	541.4
4383	540.6
4384	539.8
4385	539
4386	533.4
4387	527.8
4388	522.2
4389	516.6
4390	511
4391	513.6
4392	516.2
4393	518.8
4394	521.4
4395	524
4396	523.2
4397	522.4
4398	521.6
4399	520.8
4400	520
4401	520.2
4402	520.4
4403	520.6
4404	520.8
4405	521
4406	520.8
4407	520.6
4408	520.4
4409	520.2
4410	520
4411	520.4
4412	520.8
4413	521.2
4414	521.6
4415	522
4416	521.4
4417	520.8
4418	520.2
4419	519.6
4420	519
4421	519.4
4422	519.8
4423	520.2
4424	520.6
4425	521
4426	520.8
4427	520.6
4428	520.4
4429	520.2
4430	520
4431	518.6
4432	517.2
4433	515.8
4434	514.4
4435	513
4436	512.8
4437	512.6
4438	512.4
4439	512.2
4440	512
4441	513.2
4442	514.4
4443	515.6
4444	516.8
4445	518
4446	477.4
4447	436.8
4448	396.2
4449	355.6
4450	315
4451	364.4
4452	413.8
4453	463.2
4454	512.6
4455	562
4456	553.6
4457	545.2
4458	536.8
4459	528.4
4460	520
4461	517.2
4462	514.4
4463	511.6
4464	508.8
4465	506
4466	509
4467	512
4468	515
4469	518
4470	521
4471	522.8
4472	524.6
4473	526.4
4474	528.2
4475	530
4476	497
4477	464
4478	431
4479	398
4480	365
4481	323.2
4482	281.4
4483	239.6
4484	197.8
4485	156
4486	275.4
4487	394.8
4488	514.2
4489	633.6
4490	753
4491	652.6
4492	552.2
4493	451.8
4494	351.4
4495	251
4496	261.4
4497	271.8
4498	282.2
4499	292.6
4500	303
4501	308.8
4502	314.6
4503	320.4
4504	326.2
4505	332
4506	307
4507	282
4508	257
4509	232
4510	207
4511	193.2
4512	179.4
4513	165.6
4514	151.8
4515	138
4516	135.6
4517	133.2
4518	130.8
4519	128.4
4520	126
4521	125.8
4522	125.6
4523	125.4
4524	125.2
4525	125
4526	125
4527	125
4528	125
4529	125
4530	125
4531	125
4532	125
4533	125
4534	125
4535	125
4536	125.2
4537	125.4
4538	125.6
4539	125.8
4540	126
4541	125.8
4542	125.6
4543	125.4
4544	125.2
4545	125
4546	125
4547	125
4548	125
4549	125
4550	125
4551	125
4552	125
4553	125
4554	125
4555	125
4556	214.8
4557	304.6
4558	394.4
4559	484.2
4560	574
4561	632.6
4562	691.2
4563	749.8
4564	808.4
4565	867
4566	870
4567	873
4568	876
4569	879
4570	882
4571	877.4
4572	872.8
4573	868.2
4574	863.6
4575	859
4576	855
4577	851
4578	847
4579	843
4580	839
4581	843.8
4582	848.6
4583	853.4
4584	858.2
4585	863
4586	868.4
4587	873.8
4588	879.2
4589	884.6
4590	890
4591	885.6
4592	881.2
4593	876.8
4594	872.4
4595	868
4596	863.6
4597	859.2
4598	854.8
4599	850.4
4600	846
4601	850.2
4602	854.4
4603	858.6
4604	862.8
4605	867
4606	869
4607	871
4608	873
4609	875
4610	877
4611	875.2
4612	873.4
4613	871.6
4614	869.8
4615	868
4616	867
4617	866
4618	865
4619	864
4620	863
4621	865
4622	867
4623	869
4624	871
4625	873
4626	869.4
4627	865.8
4628	862.2
4629	858.6
4630	855
4631	860.8
4632	866.6
4633	872.4
4634	878.2
4635	884
4636	878.8
4637	873.6
4638	868.4
4639	863.2
4640	858
4641	857.4
4642	856.8
4643	856.2
4644	855.6
4645	855
4646	856.8
4647	858.6
4648	860.4
4649	862.2
4650	864
4651	863.8
4652	863.6
4653	863.4
4654	863.2
4655	863
4656	865.4
4657	867.8
4658	870.2
4659	872.6
4660	875
4661	870.2
4662	865.4
4663	860.6
4664	855.8
4665	851
4666	854.2
4667	857.4
4668	860.6
4669	863.8
4670	867
4671	867.6
4672	868.2
4673	868.8
4674	869.4
4675	870
4676	869.6
4677	869.2
4678	868.8
4679	868.4
4680	868
4681	870.8
4682	873.6
4683	876.4
4684	879.2
4685	882
4686	882.2
4687	882.4
4688	882.6
4689	882.8
4690	883
4691	883.4
4692	883.8
4693	884.2
4694	884.6
4695	885
4696	885.6
4697	886.2
4698	886.8
4699	887.4
4700	888
4701	883.4
4702	878.8
4703	874.2
4704	869.6
4705	865
4706	867.2
4707	869.4
4708	871.6
4709	873.8
4710	876
4711	878.2
4712	880.4
4713	882.6
4714	884.8
4715	887
4716	888.6
4717	890.2
4718	891.8
4719	893.4
4720	895
4721	896
4722	897
4723	898
4724	899
4725	900
4726	899
4727	898
4728	897
4729	896
4730	895
4731	896.4
4732	897.8
4733	899.2
4734	900.6
4735	902
4736	901.8
4737	901.6
4738	901.4
4739	901.2
4740	901
4741	897.4
4742	893.8
4743	890.2
4744	886.6
4745	883
4746	883.2
4747	883.4
4748	883.6
4749	883.8
4750	884
4751	881.2
4752	878.4
4753	875.6
4754	872.8
4755	870
4756	868.4
4757	866.8
4758	865.2
4759	863.6
4760	862
4761	864.2
4762	866.4
4763	868.6
4764	870.8
4765	873
4766	875
4767	877
4768	879
4769	881
4770	883
4771	881.8
4772	880.6
4773	879.4
4774	878.2
4775	877
4776	876
4777	875
4778	874
4779	873
4780	872
4781	874.8
4782	877.6
4783	880.4
4784	883.2
4785	886
4786	888.6
4787	891.2
4788	893.8
4789	896.4
4790	899
4791	900.2
4792	901.4
4793	902.6
4794	903.8
4795	905
4796	902.6
4797	900.2
4798	897.8
4799	895.4
4800	893
4801	894.6
4802	896.2
4803	897.8
4804	899.4
4805	901
4806	901.8
4807	902.6
4808	903.4
4809	904.2
4810	905
4811	905
4812	905
4813	905
4814	905
4815	905
4816	902.8
4817	900.6
4818	898.4
4819	896.2
4820	894
4821	894.8
4822	895.6
4823	896.4
4824	897.2
4825	898
4826	898.6
4827	899.2
4828	899.8
4829	900.4
4830	901
4831	901.2
4832	901.4
4833	901.6
4834	901.8
4835	902
4836	902.4
4837	902.8
4838	903.2
4839	903.6
4840	904
4841	902.4
4842	900.8
4843	899.2
4844	897.6
4845	896
4846	897.4
4847	898.8
4848	900.2
4849	901.6
4850	903
4851	902.4
4852	901.8
4853	901.2
4854	900.6
4855	900
4856	900.2
4857	900.4
4858	900.6
4859	900.8
4860	901
4861	899
4862	897
4863	895
4864	893
4865	891
4866	889.8
4867	888.6
4868	887.4
4869	886.2
4870	885
4871	885.8
4872	886.6
4873	887.4
4874	888.2
4875	889
4876	893.8
4877	898.6
4878	903.4
4879	908.2
4880	913
4881	911.8
4882	910.6
4883	909.4
4884	908.2
4885	907
4886	907.4
4887	907.8
4888	908.2
4889	908.6
4890	909
4891	913.2
4892	917.4
4893	921.6
4894	925.8
4895	930
4896	926
4897	922
4898	918
4899	914
4900	910
4901	909
4902	908
4903	907
4904	906
4905	905
4906	906
4907	907
4908	908
4909	909
4910	910
4911	909.8
4912	909.6
4913	909.4
4914	909.2
4915	909
4916	912.4
4917	915.8
4918	919.2
4919	922.6
4920	926
4921	924.8
4922	923.6
4923	922.4
4924	921.2
4925	920
4926	918
4927	916
4928	914
4929	912
4930	910
4931	910.4
4932	910.8
4933	911.2
4934	911.6
4935	912
4936	911.2
4937	910.4
4938	909.6
4939	908.8
4940	908
4941	908
4942	908
4943	908
4944	908
4945	908
4946	908.4
4947	908.8
4948	909.2
4949	909.6
4950	910
4951	910.4
4952	910.8
4953	911.2
4954	911.6
4955	912
4956	913.8
4957	915.6
4958	917.4
4959	919.2
4960	921
4961	920.6
4962	920.2
4963	919.8
4964	919.4
4965	919
4966	918.4
4967	917.8
4968	917.2
4969	916.6
4970	916
4971	915.4
4972	914.8
4973	914.2
4974	913.6
4975	913
4976	913
4977	913
4978	913
4979	913
4980	913
4981	912.6
4982	912.2
4983	911.8
4984	911.4
4985	911
4986	912.2
4987	913.4
4988	914.6
4989	915.8
4990	917
4991	916.6
4992	916.2
4993	915.8
4994	915.4
4995	915
4996	918
4997	921
4998	924
4999	927
5000	930
5001	929
5002	928
5003	927
5004	926
5005	925
5006	923.4
5007	921.8
5008	920.2
5009	918.6
5010	917
5011	915.6
5012	914.2
5013	912.8
5014	911.4
5015	910
5016	910.6
5017	911.2
5018	911.8
5019	912.4
5020	913
5021	914
5022	915
5023	916
5024	917
5025	918
5026	916.8
5027	915.6
5028	914.4
5029	913.2
5030	912
5031	911.8
5032	911.6
5033	911.4
5034	911.2
5035	911
5036	911.8
5037	912.6
5038	913.4
5039	914.2
5040	915
5041	915.4
5042	915.8
5043	916.2
5044	916.6
5045	917
5046	918
5047	919
5048	920
5049	921
5050	922
5051	922.2
5052	922.4
5053	922.6
5054	922.8
5055	923
5056	921.2
5057	919.4
5058	917.6
5059	915.8
5060	914
5061	913
5062	912
5063	911
5064	910
5065	909
5066	909.2
5067	909.4
5068	909.6
5069	909.8
5070	910
5071	911
5072	912
5073	913
5074	914
5075	915
5076	914
5077	913
5078	912
5079	911
5080	910
5081	912.8
5082	915.6
5083	918.4
5084	921.2
5085	924
5086	922.6
5087	921.2
5088	919.8
5089	918.4
5090	917
5091	916.6
5092	916.2
5093	915.8
5094	915.4
5095	915
5096	915.4
5097	915.8
5098	916.2
5099	916.6
5100	917
5101	917.8
5102	918.6
5103	919.4
5104	920.2
5105	921
5106	920
5107	919
5108	918
5109	917
5110	916
5111	916
5112	916
5113	916
5114	916
5115	916
5116	915.2
5117	914.4
5118	913.6
5119	912.8
5120	912
5121	912.8
5122	913.6
5123	914.4
5124	915.2
5125	916
5126	917.4
5127	918.8
5128	920.2
5129	921.6
5130	923
5131	921.8
5132	920.6
5133	919.4
5134	918.2
5135	917
5136	916.8
5137	916.6
5138	916.4
5139	916.2
5140	916
5141	914
5142	912
5143	910
5144	908
5145	906
5146	906.4
5147	906.8
5148	907.2
5149	907.6
5150	908
5151	907.6
5152	907.2
5153	906.8
5154	906.4
5155	906
5156	905
5157	904
5158	903
5159	902
5160	901
5161	899
5162	897
5163	895
5164	893
5165	891
5166	895.2
5167	899.4
5168	903.6
5169	907.8
5170	912
5171	913
5172	914
5173	915
5174	916
5175	917
5176	919
5177	921
5178	923
5179	925
5180	927
5181	923
5182	919
5183	915
5184	911
5185	907
5186	906.6
5187	906.2
5188	905.8
5189	905.4
5190	905
5191	905.6
5192	906.2
5193	906.8
5194	907.4
5195	908
5196	907.2
5197	906.4
5198	905.6
5199	904.8
5200	904
5201	905.2
5202	906.4
5203	907.6
5204	908.8
5205	910
5206	911.2
5207	912.4
5208	913.6
5209	914.8
5210	916
5211	915.4
5212	914.8
5213	914.2
5214	913.6
5215	913
5216	912.4
5217	911.8
5218	911.2
5219	910.6
5220	910
5221	911.2
5222	912.4
5223	913.6
5224	914.8
5225	916
5226	913.6
5227	911.2
5228	908.8
5229	906.4
5230	904
5231	904
5232	904
5233	904
5234	904
5235	904
5236	904.6
5237	905.2
5238	905.8
5239	906.4
5240	907
5241	906.8
5242	906.6
5243	906.4
5244	906.2
5245	906
5246	906
5247	906
5248	906
5249	906
5250	906
5251	907.8
5252	909.6
5253	911.4
5254	913.2
5255	915
5256	915.6
5257	916.2
5258	916.8
5259	917.4
5260	918
5261	916.8
5262	915.6
5263	914.4
5264	913.2
5265	912
5266	911.6
5267	911.2
5268	910.8
5269	910.4
5270	910
5271	910
5272	910
5273	910
5274	910
5275	910
5276	909.8
5277	909.6
5278	909.4
5279	909.2
5280	909
5281	907.6
5282	906.2
5283	904.8
5284	903.4
5285	902
5286	903.2
5287	904.4
5288	905.6
5289	906.8
5290	908
5291	909
5292	910
5293	911
5294	912
5295	913
5296	912.2
5297	911.4
5298	910.6
5299	909.8
5300	909
5301	910.6
5302	912.2
5303	913.8
5304	915.4
5305	917
5306	916.8
5307	916.6
5308	916.4
5309	916.2
5310	916
5311	914.6
5312	913.2
5313	911.8
5314	910.4
5315	909
5316	908.4
5317	907.8
5318	907.2
5319	906.6
5320	906
5321	906.6
5322	907.2
5323	907.8
5324	908.4
5325	909
5326	908.6
5327	908.2
5328	907.8
5329	907.4
5330	907
5331	906.6
5332	906.2
5333	905.8
5334	905.4
5335	905
5336	908.2
5337	911.4
5338	914.6
5339	917.8
5340	921
5341	919.8
5342	918.6
5343	917.4
5344	916.2
5345	915
5346	914.4
5347	913.8
5348	913.2
5349	912.6
5350	912
5351	910.4
5352	908.8
5353	907.2
5354	905.6
5355	904
5356	904.8
5357	905.6
5358	906.4
5359	907.2
5360	908
5361	908
5362	908
5363	908
5364	908
5365	908
5366	908.2
5367	908.4
5368	908.6
5369	908.8
5370	909
5371	908.4
5372	907.8
5373	907.2
5374	906.6
5375	906
5376	907.2
5377	908.4
5378	909.6
5379	910.8
5380	912
5381	912.6
5382	913.2
5383	913.8
5384	914.4
5385	915
5386	915.2
5387	915.4
5388	915.6
5389	915.8
5390	916
5391	915.4
5392	914.8
5393	914.2
5394	913.6
5395	913
5396	912.4
5397	911.8
5398	911.2
5399	910.6
5400	910
5401	909.4
5402	908.8
5403	908.2
5404	907.6
5405	907
5406	907.4
5407	907.8
5408	908.2
5409	908.6
5410	909
5411	909.6
5412	910.2
5413	910.8
5414	911.4
5415	912
5416	911.4
5417	910.8
5418	910.2
5419	909.6
5420	909
5421	910.6
5422	912.2
5423	913.8
5424	915.4
5425	917
5426	918.4
5427	919.8
5428	921.2
5429	922.6
5430	924
5431	921.8
5432	919.6
5433	917.4
5434	915.2
5435	913
5436	915
5437	917
5438	919
5439	921
5440	923
5441	925.4
5442	927.8
5443	930.2
5444	932.6
5445	935
5446	935
5447	935
5448	935
5449	935
5450	935
5451	934.6
5452	934.2
5453	933.8
5454	933.4
5455	933
5456	933.6
5457	934.2
5458	934.8
5459	935.4
5460	936
5461	935
5462	934
5463	933
5464	932
5465	931
5466	933.6
5467	936.2
5468	938.8
5469	941.4
5470	944
5471	944
5472	944
5473	944
5474	944
5475	944
5476	944
5477	944
5478	944
5479	944
5480	944
5481	940.2
5482	936.4
5483	932.6
5484	928.8
5485	925
5486	922.6
5487	920.2
5488	917.8
5489	915.4
5490	913
5491	912.6
5492	912.2
5493	911.8
5494	911.4
5495	911
5496	910.2
5497	909.4
5498	908.6
5499	907.8
5500	907
5501	906.8
5502	906.6
5503	906.4
5504	906.2
5505	906
5506	908.4
5507	910.8
5508	913.2
5509	915.6
5510	918
5511	917.8
5512	917.6
5513	917.4
5514	917.2
5515	917
5516	918
5517	919
5518	920
5519	921
5520	922
5521	926.6
5522	931.2
5523	935.8
5524	940.4
5525	945
5526	943
5527	941
5528	939
5529	937
5530	935
5531	936
5532	937
5533	938
5534	939
5535	940
5536	937.2
5537	934.4
5538	931.6
5539	928.8
5540	926
5541	925.2
5542	924.4
5543	923.6
5544	922.8
5545	922
5546	922.2
5547	922.4
5548	922.6
5549	922.8
5550	923
5551	924.4
5552	925.8
5553	927.2
5554	928.6
5555	930
5556	930.2
5557	930.4
5558	930.6
5559	930.8
5560	931
5561	931.6
5562	932.2
5563	932.8
5564	933.4
5565	934
5566	932.8
5567	931.6
5568	930.4
5569	929.2
5570	928
5571	927
5572	926
5573	925
5574	924
5575	923
5576	920.8
5577	918.6
5578	916.4
5579	914.2
5580	912
5581	911.8
5582	911.6
5583	911.4
5584	911.2
5585	911
5586	911.4
5587	911.8
5588	912.2
5589	912.6
5590	913
5591	914.6
5592	916.2
5593	917.8
5594	919.4
5595	921
5596	922.2
5597	923.4
5598	924.6
5599	925.8
5600	927
5601	926.6
5602	926.2
5603	925.8
5604	925.4
5605	925
5606	924.4
5607	923.8
5608	923.2
5609	922.6
5610	922
5611	919.8
5612	917.6
5613	915.4
5614	913.2
5615	911
5616	910.2
5617	909.4
5618	908.6
5619	907.8
5620	907
5621	908
5622	909
5623	910
5624	911
5625	912
5626	936.2
5627	960.4
5628	984.6
5629	1008.8
5630	1033
5631	1015
5632	997
5633	979
5634	961
5635	943
5636	945.6
5637	948.2
5638	950.8
5639	953.4
5640	956
5641	955.8
5642	955.6
5643	955.4
5644	955.2
5645	955
5646	956.6
5647	958.2
5648	959.8
5649	961.4
5650	963
5651	959.8
5652	956.6
5653	953.4
5654	950.2
5655	947
5656	944.8
5657	942.6
5658	940.4
5659	938.2
5660	936
5661	932
5662	928
5663	924
5664	920
5665	916
5666	916.2
5667	916.4
5668	916.6
5669	916.8
5670	917
5671	918
5672	919
5673	920
5674	921
5675	922
5676	921.8
5677	921.6
5678	921.4
5679	921.2
5680	921
5681	923
5682	925
5683	927
5684	929
5685	931
5686	931
5687	931
5688	931
5689	931
5690	931
5691	932.2
5692	933.4
5693	934.6
5694	935.8
5695	937
5696	931
5697	925
5698	919
5699	913
5700	907
5701	904.8
5702	902.6
5703	900.4
5704	898.2
5705	896
5706	896.2
5707	896.4
5708	896.6
5709	896.8
5710	897
5711	897.4
5712	897.8
5713	898.2
5714	898.6
5715	899
5716	897.8
5717	896.6
5718	895.4
5719	894.2
5720	893
5721	894.2
5722	895.4
5723	896.6
5724	897.8
5725	899
5726	899.8
5727	900.6
5728	901.4
5729	902.2
5730	903
5731	901.6
5732	900.2
5733	898.8
5734	897.4
5735	896
5736	895.2
5737	894.4
5738	893.6
5739	892.8
5740	892
5741	893.2
5742	894.4
5743	895.6
5744	896.8
5745	898
5746	896.8
5747	895.6
5748	894.4
5749	893.2
5750	892
5751	892.2
5752	892.4
5753	892.6
5754	892.8
5755	893
5756	891.4
5757	889.8
5758	888.2
5759	886.6
5760	885
5761	885.8
5762	886.6
5763	887.4
5764	888.2
5765	889
5766	890.2
5767	891.4
5768	892.6
5769	893.8
5770	895
5771	895
5772	895
5773	895
5774	895
5775	895
5776	894.2
5777	893.4
5778	892.6
5779	891.8
5780	891
5781	891.4
5782	891.8
5783	892.2
5784	892.6
5785	893
5786	893
5787	893
5788	893
5789	893
5790	893
5791	892.2
5792	891.4
5793	890.6
5794	889.8
5795	889
5796	890
5797	891
5798	892
5799	893
5800	894
5801	893.4
5802	892.8
5803	892.2
5804	891.6
5805	891
5806	891.4
5807	891.8
5808	892.2
5809	892.6
5810	893
5811	893
5812	893
5813	893
5814	893
5815	893
5816	892.2
5817	891.4
5818	890.6
5819	889.8
5820	889
5821	889.8
5822	890.6
5823	891.4
5824	892.2
5825	893
5826	892.6
5827	892.2
5828	891.8
5829	891.4
5830	891
5831	891.4
5832	891.8
5833	892.2
5834	892.6
5835	893
5836	892.4
5837	891.8
5838	891.2
5839	890.6
5840	890
5841	889.6
5842	889.2
5843	888.8
5844	888.4
5845	888
5846	887.4
5847	886.8
5848	886.2
5849	885.6
5850	885
5851	885.4
5852	885.8
5853	886.2
5854	886.6
5855	887
5856	886.4
5857	885.8
5858	885.2
5859	884.6
5860	884
5861	885
5862	886
5863	887
5864	888
5865	889
5866	889
5867	889
5868	889
5869	889
5870	889
5871	890
5872	891
5873	892
5874	893
5875	894
5876	892.8
5877	891.6
5878	890.4
5879	889.2
5880	888
5881	889.2
5882	890.4
5883	891.6
5884	892.8
5885	894
5886	895
5887	896
5888	897
5889	898
5890	899
5891	899.2
5892	899.4
5893	899.6
5894	899.8
5895	900
5896	898.8
5897	897.6
5898	896.4
5899	895.2
5900	894
5901	894.4
5902	894.8
5903	895.2
5904	895.6
5905	896
5906	898.4
5907	900.8
5908	903.2
5909	905.6
5910	908
5911	904.8
5912	901.6
5913	898.4
5914	895.2
5915	892
5916	898.2
5917	904.4
5918	910.6
5919	916.8
5920	923
5921	851.4
5922	779.8
5923	708.2
5924	636.6
5925	565
5926	574.8
5927	584.6
5928	594.4
5929	604.2
5930	614
5931	656
5932	698
5933	740
5934	782
5935	824
5936	762.6
5937	701.2
5938	639.8
5939	578.4
5940	517
5941	448
5942	379
5943	310
5944	241
5945	172
5946	173.4
5947	174.8
5948	176.2
5949	177.6
5950	179
5951	169.4
5952	159.8
5953	150.2
5954	140.6
5955	131
5956	151.4
5957	171.8
5958	192.2
5959	212.6
5960	233
5961	229.8
5962	226.6
5963	223.4
5964	220.2
5965	217
5966	214.2
5967	211.4
5968	208.6
5969	205.8
5970	203
5971	185.8
5972	168.6
5973	151.4
5974	134.2
5975	117
5976	115.6
5977	114.2
5978	112.8
5979	111.4
5980	110
5981	109.8
5982	109.6
5983	109.4
5984	109.2
5985	109
5986	160.2
5987	211.4
5988	262.6
5989	313.8
5990	365
5991	436.2
5992	507.4
5993	578.6
5994	649.8
5995	721
5996	739.6
5997	758.2
5998	776.8
5999	795.4
6000	814
6001	804
6002	794
6003	784
6004	774
6005	764
6006	785.4
6007	806.8
6008	828.2
6009	849.6
6010	871
6011	792.8
6012	714.6
6013	636.4
6014	558.2
6015	480
6016	544.8
6017	609.6
6018	674.4
6019	739.2
6020	804
6021	804.4
6022	804.8
6023	805.2
6024	805.6
6025	806
6026	762
6027	718
6028	674
6029	630
6030	586
6031	653.8
6032	721.6
6033	789.4
6034	857.2
6035	925
6036	919.8
6037	914.6
6038	909.4
6039	904.2
6040	899
6041	864.8
6042	830.6
6043	796.4
6044	762.2
6045	728
6046	641.8
6047	555.6
6048	469.4
6049	383.2
6050	297
6051	286
6052	275
6053	264
6054	253
6055	242
6056	243.6
6057	245.2
6058	246.8
6059	248.4
6060	250
6061	304.4
6062	358.8
6063	413.2
6064	467.6
6065	522
6066	471.4
6067	420.8
6068	370.2
6069	319.6
6070	269
6071	305.4
6072	341.8
6073	378.2
6074	414.6
6075	451
6076	407
6077	363
6078	319
6079	275
6080	231
6081	274.4
6082	317.8
6083	361.2
6084	404.6
6085	448
6086	405.2
6087	362.4
6088	319.6
6089	276.8
6090	234
6091	239.8
6092	245.6
6093	251.4
6094	257.2
6095	263
6096	257
6097	251
6098	245
6099	239
6100	233
6101	204
6102	175
6103	146
6104	117
6105	88
6106	70.4
6107	52.8
6108	35.2
6109	17.6
6110	0
6111	0
6112	0
6113	0
6114	0
6115	0
6116	0
6117	0
6118	0
6119	0
6120	0
